{"nbformat": 4, "nbformat_minor": 0, "metadata": {"colab": {"provenance": []}, "kernelspec": {"name": "python3", "display_name": "Python 3"}, "language_info": {"name": "python"}}, "cells": [{"cell_type": "markdown", "source": [], "metadata": {"id": "T9_3ZgXzZTMu"}}, {"cell_type": "code", "source": ["import requests\n", "from bs4 import BeautifulSoup\n", "\n", "url = \"https://quotes.toscrape.com\"\n", "page = requests.get(url)\n", "\n", "soup = BeautifulSoup(page.text, \"html.parser\")\n", "\n", "quotes = soup.find_all(\"span\", class_=\"text\")\n", "\n", "for q in quotes:\n", "    print(q.text)"], "metadata": {"colab": {"base_uri": "https://localhost:8080/"}, "collapsed": true, "id": "sRF2CASbe1Jj", "outputId": "4ab60b17-c964-4273-ca6e-624fbc0e1b0f"}, "execution_count": 64, "outputs": [{"output_type": "stream", "name": "stdout", "text": ["\u201cThe world as we have created it is a process of our thinking. It cannot be changed without changing our thinking.\u201d\n", "\u201cIt is our choices, Harry, that show what we truly are, far more than our abilities.\u201d\n", "\u201cThere are only two ways to live your life. One is as though nothing is a miracle. The other is as though everything is a miracle.\u201d\n", "\u201cThe person, be it gentleman or lady, who has not pleasure in a good novel, must be intolerably stupid.\u201d\n", "\u201cImperfection is beauty, madness is genius and it's better to be absolutely ridiculous than absolutely boring.\u201d\n", "\u201cTry not to become a man of success. Rather become a man of value.\u201d\n", "\u201cIt is better to be hated for what you are than to be loved for what you are not.\u201d\n", "\u201cI have not failed. I've just found 10,000 ways that won't work.\u201d\n", "\u201cA woman is like a tea bag; you never know how strong it is until it's in hot water.\u201d\n", "\u201cA day without sunshine is like, you know, night.\u201d\n"]}]}, {"cell_type": "code", "source": ["import csv\n", "\n", "filename = \"Melody.csv\"\n", "\n", "with open(filename, mode='w', newline='', encoding='utf-8') as file:\n", "    writer = csv.DictWriter(file, fieldnames=['Quotes'])\n", "\n", "    writer.writeheader()\n", "    for content in quotes :\n", "      text = content.get_text(strip=True)\n", "      writer.writerow({'Quotes': text})"], "metadata": {"id": "fubSlT7IWtfw"}, "execution_count": 65, "outputs": []}, {"cell_type": "code", "source": ["from google.colab import files\n", "\n", "files.download(\"Melody.csv\")"], "metadata": {"colab": {"base_uri": "https://localhost:8080/", "height": 17}, "id": "IQh7unlDY6hK", "outputId": "e5753553-3424-4361-b5a3-eb61b6f01e7f"}, "execution_count": 66, "outputs": [{"output_type": "display_data", "data": {"text/plain": ["<IPython.core.display.Javascript object>"], "application/javascript": ["\n", "    async function download(id, filename, size) {\n", "      if (!google.colab.kernel.accessAllowed) {\n", "        return;\n", "      }\n", "      const div = document.createElement('div');\n", "      const label = document.createElement('label');\n", "      label.textContent = `Downloading \"${filename}\": `;\n", "      div.appendChild(label);\n", "      const progress = document.createElement('progress');\n", "      progress.max = size;\n", "      div.appendChild(progress);\n", "      document.body.appendChild(div);\n", "\n", "      const buffers = [];\n", "      let downloaded = 0;\n", "\n", "      const channel = await google.colab.kernel.comms.open(id);\n", "      // Send a message to notify the kernel that we're ready.\n", "      channel.send({})\n", "\n", "      for await (const message of channel.messages) {\n", "        // Send a message to notify the kernel that we're ready.\n", "        channel.send({})\n", "        if (message.buffers) {\n", "          for (const buffer of message.buffers) {\n", "            buffers.push(buffer);\n", "            downloaded += buffer.byteLength;\n", "            progress.value = downloaded;\n", "          }\n", "        }\n", "      }\n", "      const blob = new Blob(buffers, {type: 'application/binary'});\n", "      const a = document.createElement('a');\n", "      a.href = window.URL.createObjectURL(blob);\n", "      a.download = filename;\n", "      div.appendChild(a);\n", "      a.click();\n", "      div.remove();\n", "    }\n", "  "]}, "metadata": {}}, {"output_type": "display_data", "data": {"text/plain": ["<IPython.core.display.Javascript object>"], "application/javascript": ["download(\"download_35cd81a5-a6ed-4bd2-92f3-6d453dd8419a\", \"Melody.csv\", 973)"]}, "metadata": {}}]}, {"cell_type": "code", "source": ["import pandas as pd\n", "\n", "data = pd.read_csv('Melody.csv')"], "metadata": {"id": "bpwQMm9DXDOw"}, "execution_count": 67, "outputs": []}, {"cell_type": "code", "source": ["import nltk\n", "nltk.download('punkt_tab')\n", "from nltk.tokenize import sent_tokenize\n", "all_sentences = []\n", "\n", "for line in data['Quotes']:\n", "      sentences = sent_tokenize(line)\n", "      print(sentences)\n", "      for s in sentences:\n", "        all_sentences.append(s)"], "metadata": {"colab": {"base_uri": "https://localhost:8080/"}, "id": "ZElSb9aLXQ4r", "outputId": "43da89f2-7c5d-4931-e092-103a3f6d45d8"}, "execution_count": 68, "outputs": [{"output_type": "stream", "name": "stdout", "text": ["['\u201cThe world as we have created it is a process of our thinking.', 'It cannot be changed without changing our thinking.\u201d']\n", "['\u201cIt is our choices, Harry, that show what we truly are, far more than our abilities.\u201d']\n", "['\u201cThere are only two ways to live your life.', 'One is as though nothing is a miracle.', 'The other is as though everything is a miracle.\u201d']\n", "['\u201cThe person, be it gentleman or lady, who has not pleasure in a good novel, must be intolerably stupid.\u201d']\n", "[\"\u201cImperfection is beauty, madness is genius and it's better to be absolutely ridiculous than absolutely boring.\u201d\"]\n", "['\u201cTry not to become a man of success.', 'Rather become a man of value.\u201d']\n", "['\u201cIt is better to be hated for what you are than to be loved for what you are not.\u201d']\n", "['\u201cI have not failed.', \"I've just found 10,000 ways that won't work.\u201d\"]\n", "[\"\u201cA woman is like a tea bag; you never know how strong it is until it's in hot water.\u201d\"]\n", "['\u201cA day without sunshine is like, you know, night.\u201d']\n"]}, {"output_type": "stream", "name": "stderr", "text": ["[nltk_data] Downloading package punkt_tab to /root/nltk_data...\n", "[nltk_data]   Package punkt_tab is already up-to-date!\n"]}]}, {"cell_type": "code", "source": ["from sentence_transformers import SentenceTransformer\n", "model = SentenceTransformer(\"sentence-transformers/all-MiniLM-L6-v2\")\n", "embeddings = model.encode(all_sentences)\n", "print(embeddings.shape)"], "metadata": {"colab": {"base_uri": "https://localhost:8080/", "height": 188, "referenced_widgets": ["97b9bc2d1d9f408f877cf2d49becf24e", "b558af1ce60b48d28ea5b0bc90be5a86", "0b3c86096f1e4a3fb10d0528fb017861", "3d9514b68bb54279b4a262e1ab3a88f8", "c6a098f64df84caaa2d90f556ae58096", "7d14ee31293e41559d7f3299f26973d3", "06cae3f9cbbf4cb79833cf8d324f073f", "e8a33106767b45a783e5b16105c97867", "eaad5f7b23154f0fa6d8698968a30c81", "14c5918758c5445a84b0d320f50ce182", "9e895207ad4f41f594462eb2615eb29e"]}, "id": "ydXlChc5Y6kw", "outputId": "cb59e066-16ee-4435-8f4f-75c5cf791b7d"}, "execution_count": 69, "outputs": [{"output_type": "display_data", "data": {"text/plain": ["Loading weights:   0%|          | 0/103 [00:00<?, ?it/s]"], "application/vnd.jupyter.widget-view+json": {"version_major": 2, "version_minor": 0, "model_id": "97b9bc2d1d9f408f877cf2d49becf24e"}}, "metadata": {}}, {"output_type": "stream", "name": "stderr", "text": ["BertModel LOAD REPORT from: sentence-transformers/all-MiniLM-L6-v2\n", "Key                     | Status     |  | \n", "------------------------+------------+--+-\n", "embeddings.position_ids | UNEXPECTED |  | \n", "\n", "Notes:\n", "- UNEXPECTED\t:can be ignored when loading from different task/architecture; not ok if you expect identical arch.\n"]}, {"output_type": "stream", "name": "stdout", "text": ["(15, 384)\n"]}]}, {"cell_type": "code", "source": ["similarities = model.similarity(embeddings, embeddings)\n", "print(similarities)"], "metadata": {"colab": {"base_uri": "https://localhost:8080/"}, "id": "k2kMppzgiH24", "outputId": "8fa8e52e-2bf2-45a0-c91e-111c2c03c328"}, "execution_count": 70, "outputs": [{"output_type": "stream", "name": "stdout", "text": ["tensor([[1.0000, 0.4512, 0.3478, 0.3178, 0.1760, 0.2981, 0.2314, 0.3894, 0.3563,\n", "         0.2800, 0.2833, 0.2832, 0.1202, 0.2203, 0.2658],\n", "        [0.4512, 1.0000, 0.3916, 0.3403, 0.1477, 0.2483, 0.2686, 0.3032, 0.3035,\n", "         0.3748, 0.3091, 0.1324, 0.2883, 0.1840, 0.2003],\n", "        [0.3478, 0.3916, 1.0000, 0.3632, 0.1872, 0.3451, 0.4213, 0.3923, 0.3844,\n", "         0.3550, 0.4838, 0.3618, 0.1394, 0.4079, 0.3028],\n", "        [0.3178, 0.3403, 0.3632, 1.0000, 0.3462, 0.3793, 0.2250, 0.3012, 0.4610,\n", "         0.3214, 0.4143, 0.2980, 0.3267, 0.3074, 0.3316],\n", "        [0.1760, 0.1477, 0.1872, 0.3462, 1.0000, 0.7760, 0.1064, 0.3045, 0.1992,\n", "         0.0532, 0.0915, 0.2152, 0.2070, 0.1536, 0.1686],\n", "        [0.2981, 0.2483, 0.3451, 0.3793, 0.7760, 1.0000, 0.2147, 0.4150, 0.2414,\n", "         0.1863, 0.2770, 0.2351, 0.1475, 0.2376, 0.2821],\n", "        [0.2314, 0.2686, 0.4213, 0.2250, 0.1064, 0.2147, 1.0000, 0.5488, 0.4015,\n", "         0.3611, 0.4227, 0.3102, 0.1031, 0.4579, 0.3584],\n", "        [0.3894, 0.3032, 0.3923, 0.3012, 0.3045, 0.4150, 0.5488, 1.0000, 0.3919,\n", "         0.2809, 0.4388, 0.3622, 0.1735, 0.3201, 0.3932],\n", "        [0.3563, 0.3035, 0.3844, 0.4610, 0.1992, 0.2414, 0.4015, 0.3919, 1.0000,\n", "         0.6245, 0.4656, 0.6087, 0.2849, 0.4064, 0.2621],\n", "        [0.2800, 0.3748, 0.3550, 0.3214, 0.0532, 0.1863, 0.3611, 0.2809, 0.6245,\n", "         1.0000, 0.3928, 0.2294, 0.1873, 0.3760, 0.2369],\n", "        [0.2833, 0.3091, 0.4838, 0.4143, 0.0915, 0.2770, 0.4227, 0.4388, 0.4656,\n", "         0.3928, 1.0000, 0.3824, 0.0905, 0.3980, 0.3789],\n", "        [0.2832, 0.1324, 0.3618, 0.2980, 0.2152, 0.2351, 0.3102, 0.3622, 0.6087,\n", "         0.2294, 0.3824, 1.0000, 0.2731, 0.3534, 0.2480],\n", "        [0.1202, 0.2883, 0.1394, 0.3267, 0.2070, 0.1475, 0.1031, 0.1735, 0.2849,\n", "         0.1873, 0.0905, 0.2731, 1.0000, 0.1900, 0.1312],\n", "        [0.2203, 0.1840, 0.4079, 0.3074, 0.1536, 0.2376, 0.4579, 0.3201, 0.4064,\n", "         0.3760, 0.3980, 0.3534, 0.1900, 1.0000, 0.3760],\n", "        [0.2658, 0.2003, 0.3028, 0.3316, 0.1686, 0.2821, 0.3584, 0.3932, 0.2621,\n", "         0.2369, 0.3789, 0.2480, 0.1312, 0.3760, 1.0000]])\n"]}]}]}